qwerty,123,0,0,1,0,2,0/1003,-1,1002,-1,1001,-1,
mahir,123,30,39,20,10,3,0/1003,1,1002,1,1001,1,
dfbdfb,fgnfgn,0,0,0,0,0,0/1003,0,1002,0,1001,0,
sdg,eg,0,0,0,0,0,0/1003,0,1002,0,1001,0,
kjb,kjb,0,0,0,0,0,0/1003,0,1002,0,1001,0,
abc,asd,0,0,0,0,0,0/1003,0,1002,0,1001,0,
riham,mahir,0,0,0,0,0,0/1003,0,1002,0,1001,0,
sezan,123,1,2,2,0,1,0/1003,-1,1002,0,1001,1,
eff,we,0,0,0,0,0,0/1003,0,1002,0,1001,0,
sfsf,sf,0,0,0,0,0,0/1003,0,1002,0,1001,0,
wow,sdf,0,0,0,0,0,0/1003,0,1002,0,1001,0,
.jjre,he,0,0,0,0,0,0/1003,0,1002,0,1001,0,
lhd,sd,0,0,0,0,0,0/1003,0,1002,0,1001,0,
jbdf,jfb,0,0,0,0,0,0/1003,0,1002,0,1001,0,
klbd,ssojd,0,0,0,0,0,0/1003,0,1002,0,1001,0,
mnmn,mnmn,1,2,0,0,0,0/1003,0,1002,0,1001,1,
knf,itjq,0,0,0,0,0,0/1003,0,1002,0,1001,0,
